    position: 
      x: 1.26045958599
      y: -0.728215322294
      z: -0.00313094142016

